0
40
39
59
67
74
82
87
92
103
112
118
125
133
141
148
155
157
162
169
171
171
176
182
187
192
197
199
210
219
171
124
132
141
149
157
168
184
187
173
181
202
213
209
198
190
189
194
196
192
190
193
197
200
202
203
203
210
220
226
175
130
135
146
162
174
186
193
181
179
196
216
217
209
201
197
198
202
201
197
197
200
205
204
205
206
211
220
228
236
181
143
150
164
181
191
194
187
183
194
213
225
223
214
207
200
201
203
201
202
203
207
207
206
207
213
220
228
236
245
191
164
171
186
196
199
194
189
194
209
227
234
228
219
209
203
201
201
202
205
207
208
209
210
212
218
228
235
245
251
205
183
188
200
205
204
199
198
206
219
228
231
225
220
212
208
205
203
202
202
205
210
213
216
219
226
234
243
249
256
219
188
200
213
215
211
206
208
218
226
220
220
221
221
219
218
217
216
211
209
211
213
217
226
234
243
248
250
254
262
223
194
207
217
216
210
212
226
248
233
207
206
211
217
221
225
229
231
232
226
219
219
224
239
249
256
257
258
264
267
220
204
213
216
211
213
227
257
261
227
207
207
212
217
222
229
234
240
241
234
230
231
236
249
258
260
259
265
270
271
228
218
219
216
216
226
248
267
254
229
219
220
223
226
227
231
237
245
247
240
240
245
249
258
261
263
265
270
273
275
246
229
224
224
230
243
258
261
247
235
234
237
239
237
234
235
242
249
253
253
251
258
260
267
270
270
270
273
275
281
260
234
226
231
240
252
258
254
247
244
251
261
263
257
246
239
242
250
256
263
267
270
271
276
277
279
276
278
280
284
264
230
228
238
247
253
252
249
249
256
268
282
287
280
262
246
243
248
256
265
278
282
282
283
285
287
285
283
282
289
264
224
230
242
252
251
252
256
264
272
278
293
300
291
274
255
249
251
257
267
275
281
286
291
296
297
295
288
289
295
249
219
230
242
249
252
260
276
290
279
279
291
301
296
279
266
260
263
267
264
264
274
286
299
305
305
302
300
301
300
231
220
234
245
254
262
278
298
301
284
284
298
306
301
286
275
272
274
270
263
261
272
287
302
310
311
310
313
312
308
226
232
248
258
267
278
294
309
306
294
294
309
315
309
296
286
282
282
278
268
266
273
284
300
311
318
323
323
323
323
232
251
265
274
282
294
307
315
311
303
306
319
324
317
305
295
292
290
285
278
276
279
286
299
314
322
329
332
336
336
250
270
281
291
299
307
316
319
314
311
320
331
334
328
314
303
300
298
295
291
291
291
293
302
315
324
333
340
344
349
278
286
296
305
311
317
320
322
322
325
332
340
344
336
323
311
307
305
302
305
307
307
306
309
318
328
336
341
348
359
301
294
302
308
315
319
321
330
338
334
331
338
343
337
326
316
313
312
313
315
315
316
318
322
327
334
337
341
352
362
312
295
302
309
314
319
328
343
348
328
324
336
343
338
328
321
320
323
324
319
320
325
332
334
336
339
338
347
355
361
313
298
304
310
317
326
337
351
344
324
322
338
346
342
332
326
326
333
330
325
326
333
342
345
345
345
348
353
357
361
311
302
308
316
323
333
343
350
340
324
328
342
351
345
336
330
333
338
337
331
333
338
346
351
353
355
358
359
362
366
307
308
316
323
331
340
346
350
338
328
336
351
358
351
341
336
338
342
342
339
337
342
350
359
361
363
366
368
370
371
307
315
325
333
341
347
351
350
340
336
347
361
366
358
346
340
340
346
347
345
346
348
352
362
370
374
374
375
376
379
313
323
331
341
348
352
355
353
348
350
356
367
369
362
351
347
347
347
348
355
353
351
357
368
378
383
384
380
384
388
320
325
335
343
350
355
359
362
363
359
360
368
374
367
359
353
351
350
353
359
357
358
365
375
387
391
387
386
391
392
323
331
339
346
354
359
368
374
372
361
364
374
379
373
367
359
354
355
358
359
363
369
376
384
391
394
393
396
398
395
318
336
349
355
363
369
376
380
376
365
371
382
387
380
372
364
360
361
361
361
371
379
387
391
395
398
401
401
400
402
345
220
227
235
233
236
251
274
285
277
282
296
312
318
318
314
320
332
334
331
335
336
338
342
347
353
352
351
342
330
173
172
196
218
233
246
263
273
270
270
280
295
305
306
303
305
313
321
324
327
332
338
345
351
360
367
372
371
364
352
314
219
221
225
240
258
266
264
260
263
274
288
294
293
292
296
303
308
313
320
328
330
337
342
345
346
344
337
331
324
399
228
232
243
262
265
261
253
252
260
275
284
286
283
280
282
288
291
296
305
308
316
321
324
324
324
320
316
311
307
390
259
247
259
263
258
249
245
248
261
270
275
276
276
276
277
280
287
291
296
302
310
316
323
322
321
316
309
302
299
362
263
263
276
273
261
251
248
254
252
253
260
266
274
279
283
289
297
301
300
303
306
312
319
323
324
320
312
305
302
329
260
270
279
279
268
262
266
268
249
234
241
253
267
277
289
299
311
319
318
313
309
311
314
320
323
323
319
317
312
316
263
267
273
270
266
269
279
277
248
233
234
245
258
271
287
302
317
327
330
331
329
325
320
318
314
312
311
311
311
321
271
266
264
262
265
275
283
276
258
249
248
250
260
270
280
294
309
320
327
334
338
338
334
327
320
313
311
307
305
330
275
265
261
263
270
279
284
275
267
265
268
273
272
276
281
293
303
313
320
324
333
339
343
338
332
322
313
308
306
335
274
259
258
263
268
276
278
274
272
281
290
295
293
287
286
291
300
310
318
324
331
339
344
344
338
329
320
314
311
333
269
256
258
266
269
273
275
277
283
296
308
315
313
301
293
290
297
305
316
327
333
339
345
345
342
332
322
315
315
323
259
253
262
267
272
273
281
289
297
307
322
331
328
315
302
298
300
306
313
320
328
333
340
341
342
335
325
319
318
311
253
253
263
272
275
285
301
312
309
310
324
335
334
326
313
311
314
314
307
305
311
320
331
340
341
339
333
328
320
296
251
258
269
278
288
304
325
331
320
319
330
339
339
333
325
325
329
321
307
297
300
315
329
338
345
344
343
337
328
289
261
270
281
291
304
323
341
343
334
331
339
346
344
337
331
332
331
324
308
300
302
314
327
339
347
354
351
349
341
291
279
287
298
308
318
333
347
349
344
341
350
353
347
340
333
330
330
324
313
307
306
317
328
340
352
359
359
358
354
305
296
305
314
322
328
340
348
351
350
352
357
360
354
345
335
331
331
327
320
316
318
324
330
344
354
361
365
368
368
325
312
318
329
334
337
342
349
353
357
358
366
367
360
346
337
332
330
330
329
331
329
332
338
345
355
361
367
374
380
344
322
328
333
337
341
345
355
365
365
363
370
370
361
347
338
332
333
334
334
333
336
339
344
350
357
360
364
376
386
357
325
325
333
338
341
352
367
372
361
357
363
367
359
345
337
337
340
342
334
333
340
343
351
356
356
359
366
376
383
358
326
326
332
338
346
361
373
372
356
351
360
365
357
346
340
342
345
343
335
336
344
350
357
361
359
361
369
374
380
355
327
326
333
342
351
363
374
370
355
351
360
366
358
348
340
342
348
347
341
343
348
355
363
366
365
366
371
375
379
352
328
331
338
347
354
365
370
365
354
353
365
367
362
349
341
344
349
350
348
348
352
360
366
373
373
373
375
378
381
349
332
335
342
350
357
365
366
363
357
361
369
373
364
352
345
346
349
353
354
354
357
360
371
377
381
380
379
380
386
348
337
339
346
354
359
364
367
366
364
367
373
374
366
356
350
349
351
356
360
362
361
364
373
384
389
386
382
387
390
349
336
339
347
353
360
366
372
373
370
369
374
376
369
361
355
353
352
359
365
366
364
368
379
389
393
391
387
391
393
344
338
340
347
355
363
371
379
379
372
371
378
380
375
367
360
356
355
362
367
369
371
376
385
392
395
394
396
398
396
340
341
345
351
360
368
377
383
382
375
376
382
384
379
373
366
360
360
364
368
376
381
384
391
395
396
400
401
400
399
339
345
352
360
367
375
384
387
384
379
382
388
389
383
377
371
364
366
368
371
380
388
393
396
397
401
402
404
406
404
360
229
227
234
243
255
275
285
283
286
296
310
322
323
323
328
332
332
331
334
337
340
346
351
354
361
355
352
340
329
205
207
225
245
255
269
278
281
282
285
294
304
312
314
314
315
318
322
324
329
334
339
346
352
360
359
356
350
339
329
317
248
251
262
264
279
281
279
279
282
288
296
300
302
303
303
307
312
315
318
323
333
342
348
356
352
347
338
327
318
350
254
266
285
293
283
276
273
278
277
277
284
292
297
298
301
305
312
316
319
321
327
336
343
348
346
341
332
322
312
358
265
280
301
296
284
273
280
289
274
258
266
279
288
295
301
308
323
331
326
318
319
324
333
340
344
341
337
329
317
351
269
285
295
292
280
280
298
300
263
240
244
262
277
288
300
318
333
341
336
329
324
322
325
331
335
337
335
332
324
340
279
285
289
282
279
294
307
288
255
235
236
248
266
284
302
317
331
342
347
346
342
334
326
324
322
320
321
321
320
340
289
287
286
284
286
292
295
278
258
244
242
246
259
274
291
308
323
336
342
348
350
347
339
329
322
315
314
311
313
345
295
289
287
285
283
287
286
280
267
259
260
261
266
272
285
298
312
325
333
340
346
351
351
346
334
325
316
312
311
353
295
285
284
281
279
279
280
277
276
275
281
283
282
280
283
292
304
315
325
335
345
353
358
355
348
335
322
313
314
357
283
275
277
277
276
276
278
281
285
290
299
306
302
297
291
293
300
310
322
334
343
354
358
360
354
344
328
317
315
343
268
266
270
271
274
278
291
303
299
298
308
318
321
315
308
309
314
320
321
322
330
341
349
356
355
349
338
328
319
328
257
255
264
270
278
295
317
321
309
304
316
328
332
329
325
328
332
330
320
313
316
327
340
350
352
350
344
334
322
314
257
256
268
278
295
313
333
333
322
319
329
339
342
340
339
341
342
336
323
315
312
321
334
345
351
353
351
341
332
309
270
274
284
296
311
327
343
346
339
335
343
349
351
348
344
342
342
335
323
315
314
322
331
343
353
356
356
352
344
316
288
293
305
314
324
336
349
356
353
350
354
359
357
352
346
340
340
334
324
319
318
325
331
344
357
362
364
362
360
332
306
312
321
328
334
343
352
360
363
360
362
366
363
354
346
341
336
332
328
328
327
330
337
345
358
367
368
371
375
349
318
326
335
338
339
346
357
369
370
364
366
367
363
353
345
339
338
334
335
332
333
336
341
352
361
366
371
378
383
363
325
330
339
340
342
353
370
380
368
357
360
364
360
353
347
345
347
346
339
334
334
343
348
360
364
367
373
382
387
373
329
332
336
342
348
363
384
385
364
354
359
362
362
355
351
355
357
351
341
336
341
348
359
363
365
367
376
382
388
376
332
333
338
344
354
369
385
381
362
353
359
365
364
358
353
355
358
353
342
343
346
356
362
366
367
370
377
381
387
378
340
338
342
349
358
370
380
377
364
358
364
367
365
357
354
354
358
354
350
348
355
361
366
368
374
376
378
382
389
383
344
343
348
355
362
370
378
373
365
363
370
373
366
357
350
352
354
356
353
356
361
362
369
375
379
378
379
383
388
382
348
347
352
358
363
369
373
372
370
369
374
376
368
357
351
351
352
356
360
363
365
366
371
379
385
384
381
385
390
382
346
346
350
355
361
368
371
376
374
369
371
373
367
359
355
353
352
359
365
366
368
371
376
384
389
386
381
388
393
376
343
339
344
350
359
369
379
383
373
367
370
374
369
364
360
357
358
363
368
369
372
375
384
389
392
389
388
391
391
363
341
340
346
353
362
373
383
382
371
369
374
378
375
371
364
360
361
365
369
372
378
385
387
392
394
395
396
393
393
357
342
342
349
357
367
378
385
384
375
375
381
383
379
373
371
365
367
367
370
377
384
390
394
395
398
400
401
397
396
351
347
350
356
363
374
381
386
384
380
384
388
386
383
380
377
371
367
369
374
382
391
394
397
399
399
403
403
404
400
351
355
361
366
372
380
387
389
386
386
391
397
393
389
382
379
373
371
373
379
389
393
399
399
403
403
403
404
409
411
370
237
231
245
264
278
284
288
296
302
312
323
330
331
332
332
329
331
333
335
336
340
348
352
354
354
343
339
334
326
259
233
245
260
274
285
292
293
297
301
309
310
312
312
313
317
318
319
320
324
329
333
338
346
351
353
346
341
327
323
294
232
253
290
303
298
291
291
302
313
301
288
294
304
310
311
317
324
333
339
333
331
335
340
349
353
352
350
340
329
320
241
276
310
308
292
280
296
336
328
271
268
279
291
301
308
317
335
358
359
349
340
338
337
344
347
352
350
344
338
344
258
287
305
291
272
281
328
368
299
258
254
262
278
291
302
317
339
354
364
367
363
351
340
336
336
332
327
329
326
360
281
286
280
274
274
310
355
332
279
254
242
251
262
279
296
310
328
341
354
361
363
355
347
336
328
323
324
320
316
366
289
283
280
284
300
328
330
301
271
258
248
253
266
279
292
309
323
333
339
346
356
355
353
343
336
329
322
313
309
366
300
295
294
297
303
307
303
284
269
260
260
259
265
270
288
302
311
321
328
332
342
351
355
351
343
334
324
318
313
374
308
294
296
299
292
287
279
271
269
269
274
277
278
280
285
293
304
313
322
331
345
358
363
364
354
340
328
313
311
372
294
299
308
304
290
277
270
272
276
282
294
303
301
296
291
296
300
306
313
332
350
366
373
372
364
349
330
311
307
357
277
285
291
289
281
279
292
313
302
289
297
311
315
313
310
314
323
328
321
318
328
342
356
366
366
359
347
335
317
328
262
264
271
274
281
298
332
346
313
300
310
322
327
329
329
336
348
341
326
317
322
331
348
356
360
354
350
337
325
320
261
262
269
279
296
321
348
344
328
320
328
337
342
342
343
349
355
344
332
322
319
329
336
344
347
351
354
344
336
318
274
278
286
297
315
332
352
351
343
340
347
354
357
354
354
355
355
345
332
319
318
323
331
341
354
358
358
354
349
330
294
295
306
316
330
344
354
357
352
352
357
365
365
362
356
352
348
339
327
319
318
323
331
341
355
361
365
364
361
342
310
314
329
340
345
348
352
356
358
360
365
371
371
363
355
346
340
331
323
323
327
331
334
343
356
365
370
369
372
364
321
334
344
351
350
349
356
367
369
363
366
375
373
362
352
344
336
331
326
325
327
332
339
352
362
368
368
371
382
379
325
337
344
347
346
352
374
393
366
347
355
364
363
357
353
354
355
347
329
320
324
339
349
364
368
370
372
379
381
377
327
328
335
340
347
369
403
399
356
341
350
362
364
361
361
367
370
357
333
327
334
351
361
368
369
370
380
383
381
377
329
333
338
346
360
385
403
389
357
342
352
365
368
367
366
372
373
361
340
336
343
353
365
368
372
377
382
384
384
376
339
341
348
356
370
385
396
385
357
347
358
369
371
369
371
373
373
363
348
343
347
357
363
372
382
380
384
387
388
381
351
351
358
366
376
384
388
376
356
351
364
374
376
370
371
370
369
365
355
350
355
361
368
375
383
385
386
390
391
390
356
360
371
374
379
381
378
369
358
360
373
381
380
371
368
368
368
364
358
363
366
363
369
378
387
388
385
385
396
394
358
362
368
373
371
372
374
373
365
360
369
377
376
371
367
368
367
366
366
367
367
372
374
386
393
391
381
389
396
395
352
351
354
358
361
369
383
383
359
352
362
373
376
374
374
371
370
370
365
370
376
380
386
390
395
389
387
391
391
378
347
345
349
354
363
375
386
376
354
351
369
378
380
381
376
373
375
371
366
370
384
390
393
396
393
393
396
391
387
364
347
347
350
357
368
380
385
374
356
358
374
383
386
384
382
379
377
372
368
373
389
394
396
398
399
402
399
394
389
353
348
352
358
367
376
384
385
371
359
365
382
389
392
389
386
383
378
374
372
375
389
399
401
401
404
401
403
401
398
347
356
364
370
377
383
387
383
371
365
374
391
395
396
392
389
388
383
378
376
384
393
399
404
403
408
406
404
404
406
360
366
373
377
382
387
389
386
377
375
385
395
395
395
392
392
392
384
379
385
392
392
400
404
409
408
408
402
404
416
375
253
255
265
272
280
293
303
310
318
324
334
340
334
329
327
330
333
332
334
340
348
350
352
349
345
343
337
331
328
284
228
237
269
293
310
309
306
308
322
332
317
302
305
312
316
321
324
332
342
347
343
334
336
337
338
339
339
334
332
286
211
261
303
320
309
291
292
324
372
334
292
286
293
302
310
318
330
353
370
366
366
359
351
343
338
341
335
331
330
310
245
283
306
300
272
264
306
390
375
310
291
281
282
289
296
313
335
352
360
376
387
390
378
365
352
343
338
328
313
348
269
282
275
260
251
289
372
387
320
301
290
282
274
277
291
316
334
332
348
360
372
375
374
367
362
359
349
330
311
366
264
263
258
260
287
347
367
331
304
295
297
287
280
283
298
317
325
333
337
345
358
367
373
372
371
364
349
332
318
380
276
268
275
293
320
332
327
306
295
296
300
297
288
291
298
309
321
326
331
340
349
362
370
375
371
363
351
336
325
384
300
288
292
304
313
308
300
290
292
299
307
305
299
296
299
305
315
321
329
338
347
360
369
375
373
363
351
337
327
369
286
291
312
318
309
295
284
286
295
301
309
316
316
310
304
307
310
315
318
327
346
363
374
379
376
366
352
332
320
348
275
296
317
313
300
290
291
311
322
302
306
319
323
319
317
318
323
334
327
322
329
345
362
371
374
370
359
345
328
327
267
281
292
288
282
291
325
368
334
309
313
323
328
326
326
333
349
351
333
322
327
338
353
361
370
364
351
349
330
320
272
276
281
282
289
316
322
322
380
304
292
302
312
320
338
360
378
354
323
314
322
335
374
378
319
367
388
375
349
311
267
272
281
295
319
347
288
401
360
335
334
337
342
347
357
370
368
350
329
321
320
329
395
303
343
368
370
361
352
334
291
296
305
317
334
354
302
390
362
349
350
353
352
356
360
365
363
347
328
317
314
323
328
339
350
364
366
365
364
357
311
314
328
343
355
360
360
361
364
369
372
375
370
363
357
354
346
335
324
316
321
327
331
338
351
360
367
368
369
373
318
339
358
365
363
356
354
357
364
368
375
383
380
369
354
347
340
328
316
319
328
335
340
345
355
367
369
364
373
382
327
348
369
369
354
350
359
385
371
352
366
379
376
365
353
350
352
346
318
305
321
338
351
358
367
373
368
370
373
380
328
342
350
348
346
361
402
410
352
334
355
372
371
362
358
364
373
357
324
311
328
347
364
377
375
372
374
378
374
378
330
335
340
344
358
388
415
395
348
335
355
372
372
367
363
374
380
363
334
325
337
359
372
377
376
380
384
383
379
381
337
341
349
358
374
397
414
394
352
341
360
373
374
370
371
382
383
368
345
334
342
361
368
377
383
387
387
388
387
380
348
352
361
371
385
401
406
383
353
347
361
370
376
377
378
383
381
369
354
343
348
361
371
383
385
390
392
393
393
384
354
362
377
387
397
400
395
372
351
348
363
379
383
382
379
382
380
371
357
355
358
364
370
378
390
394
396
394
396
397
360
375
389
396
398
392
382
300
355
352
364
378
382
382
381
382
380
372
366
363
365
369
371
372
345
386
392
393
403
400
362
373
382
383
379
319
323
319
356
334
349
371
380
385
386
388
386
383
370
364
374
402
439
303
384
403
401
406
404
390
361
367
368
370
369
380
396
383
338
327
354
378
387
390
392
388
393
385
369
370
383
392
454
350
384
390
399
397
394
379
362
365
366
366
373
384
391
369
335
332
359
383
390
392
387
391
393
383
372
376
390
399
403
400
401
403
401
394
391
364
363
367
367
370
377
388
387
362
335
340
368
388
392
394
395
395
392
383
375
378
389
401
406
407
408
406
404
400
395
357
364
369
374
379
387
392
383
359
337
345
374
392
400
401
399
398
396
390
379
379
391
403
410
409
410
410
409
406
401
354
372
381
387
391
396
393
380
358
343
356
381
396
401
399
402
402
400
391
384
389
391
400
411
412
414
416
409
404
412
362
375
385
390
395
395
393
382
368
357
362
376
391
399
403
407
405
400
393
395
392
393
400
412
417
420
413
406
409
417
377
284
273
266
275
296
310
319
324
329
340
348
341
329
326
329
331
333
339
345
352
359
360
354
347
346
340
338
334
327
294
214
238
288
311
323
317
306
313
345
368
332
308
304
308
314
317
324
338
353
362
365
363
356
345
335
329
328
326
318
284
233
276
306
312
299
275
282
343
405
354
333
316
301
296
300
310
325
349
355
365
375
382
378
370
360
349
344
339
325
316
255
286
289
275
256
261
316
395
356
347
335
320
303
294
295
309
343
355
350
355
365
370
377
374
372
374
378
357
334
363
249
258
260
255
260
299
360
349
337
340
328
272
354
295
300
323
338
338
335
343
319
371
370
370
375
381
370
355
339
384
246
246
252
268
299
326
334
329
325
331
335
326
314
310
323
326
334
336
339
342
348
356
364
374
382
377
369
359
345
379
262
262
277
294
308
313
315
315
320
332
342
339
327
320
317
320
331
331
337
345
349
357
367
376
381
379
371
361
351
378
282
273
294
310
311
301
299
304
323
338
346
342
335
325
319
315
321
328
333
334
346
357
371
379
381
379
372
360
346
353
268
295
319
277
264
362
314
381
325
317
323
336
340
333
325
320
323
323
321
323
338
355
373
383
388
383
373
354
344
310
270
302
259
253
368
322
313
288
363
307
315
335
259
266
349
336
342
353
322
307
320
354
443
356
350
386
403
396
362
299
268
303
266
259
356
327
278
254
364
288
298
306
284
342
339
356
387
365
323
309
319
436
346
327
377
398
405
385
358
309
276
295
313
302
308
343
379
374
364
363
367
361
347
340
346
368
371
356
332
323
366
295
349
363
367
367
370
363
354
356
299
299
303
314
333
359
371
368
366
374
375
367
354
347
354
363
363
344
322
313
322
330
335
342
350
356
358
362
361
380
319
318
324
341
357
368
367
365
372
380
384
375
361
353
352
355
351
335
323
316
318
324
335
338
348
355
363
369
372
389
316
331
353
366
369
360
358
358
371
384
388
387
373
361
351
348
343
333
316
315
331
337
340
346
351
364
370
370
371
390
324
360
378
380
345
387
365
363
367
364
382
393
384
366
353
348
345
333
314
310
327
348
358
353
325
364
373
372
379
376
334
364
338
288
430
376
370
388
338
327
365
382
342
321
350
351
366
361
317
304
328
360
430
306
382
399
401
395
381
374
333
354
286
407
362
367
405
383
326
320
423
355
317
369
361
373
391
371
328
316
395
443
444
288
405
430
433
415
391
369
335
343
344
347
362
393
411
388
336
336
370
389
387
372
369
385
392
374
340
331
342
366
381
386
386
391
392
386
384
375
349
352
358
364
377
399
409
385
355
356
375
384
378
369
373
382
382
362
347
342
348
362
376
391
398
402
400
396
393
380
356
359
368
381
395
406
400
378
357
359
371
382
383
379
378
382
381
371
355
348
356
367
376
403
344
393
407
405
401
383
357
374
389
401
407
407
322
382
360
358
368
380
384
385
386
389
388
374
362
363
366
372
456
331
389
410
412
407
409
396
364
385
381
359
348
427
386
360
336
327
352
378
383
416
343
383
394
393
377
367
372
477
383
461
285
421
436
436
429
386
370
407
351
325
420
391
383
374
328
312
343
442
414
394
333
396
424
420
388
371
380
438
491
303
400
409
414
420
412
384
416
397
388
379
375
385
397
377
328
319
451
413
330
387
404
413
419
405
380
375
466
494
307
409
414
414
418
413
406
378
380
383
382
379
383
395
397
366
323
320
356
383
392
390
394
403
405
394
383
386
399
409
415
411
410
410
408
405
402
372
381
383
379
382
391
397
390
356
326
328
358
384
394
397
401
405
404
398
388
387
397
411
419
418
416
415
413
410
406
364
380
385
390
394
398
399
384
352
329
330
363
390
398
400
404
405
407
404
393
391
400
410
417
423
420
421
418
411
410
365
385
393
398
401
404
397
382
354
334
342
365
390
398
394
455
331
394
407
407
399
398
408
419
425
426
427
416
412
420
366
384
395
449
418
389
392
386
371
350
341
363
387
485
488
327
400
412
416
411
401
401
368
493
497
303
431
431
437
432
388
301
264
269
295
317
326
332
329
337
352
357
339
330
331
334
336
340
347
354
366
367
365
359
360
352
340
336
333
332
304
225
262
307
437
322
404
333
323
362
366
334
323
313
331
331
313
315
325
340
342
348
351
359
299
351
340
334
325
321
316
245
303
228
226
231
446
292
329
322
298
318
315
224
209
225
344
295
291
288
295
313
316
285
295
381
361
353
348
331
388
246
235
215
223
394
286
343
352
313
322
376
222
202
397
278
271
291
302
301
317
341
300
321
359
363
369
372
355
338
424
228
230
281
264
276
316
338
321
327
339
324
402
325
305
314
332
335
331
334
402
340
307
340
356
367
374
370
359
345
403
234
236
251
275
299
310
309
314
327
345
352
352
343
338
333
334
340
342
341
343
344
350
350
360
371
370
367
364
353
378
253
257
279
292
299
300
350
309
315
419
342
317
311
308
315
326
333
341
344
338
335
335
399
413
419
336
380
390
385
341
257
269
299
309
305
248
254
270
290
403
334
323
326
325
326
331
338
342
338
333
342
371
396
403
404
353
388
392
382
288
263
304
326
347
264
256
272
290
317
352
306
318
332
260
349
344
347
343
329
321
375
387
388
392
396
385
414
414
390
237
270
291
238
229
291
278
283
408
277
261
305
278
257
279
420
358
340
327
312
305
411
398
390
392
400
434
439
428
392
270
303
235
222
406
306
284
293
418
299
292
314
279
290
401
349
349
360
345
313
300
425
405
275
346
413
435
433
413
382
325
303
303
305
308
327
362
387
382
370
374
382
371
354
345
347
366
369
353
330
315
325
330
344
353
356
364
369
368
367
379
323
318
322
332
353
373
380
374
379
391
393
383
363
347
349
355
358
339
324
318
321
328
340
348
361
365
372
376
375
399
330
324
341
358
373
373
366
368
382
395
402
391
370
351
345
346
346
334
328
318
324
336
343
352
361
367
374
379
385
402
323
347
370
381
376
362
356
363
380
392
401
402
384
359
333
319
341
335
320
327
340
351
360
365
371
377
377
373
382
391
333
362
380
370
308
428
368
368
359
354
384
400
334
365
349
350
356
354
321
311
340
297
373
389
311
415
426
417
403
362
339
382
285
275
444
363
365
369
313
315
408
324
308
382
359
364
389
373
328
317
446
449
432
310
424
439
437
419
396
365
344
343
301
404
360
370
395
375
327
335
393
331
399
371
362
374
389
371
336
326
454
308
398
411
404
402
405
396
390
367
348
353
350
355
370
393
286
364
382
352
368
380
376
364
365
382
387
367
341
338
355
376
344
427
444
300
428
425
415
359
354
360
363
376
393
328
335
352
376
339
350
369
378
381
386
396
393
379
363
356
360
473
484
465
445
320
454
456
439
348
354
366
384
398
364
339
339
357
359
328
346
380
393
396
397
399
399
388
374
365
455
485
474
447
316
461
475
463
440
363
366
385
401
406
356
347
358
394
341
338
365
391
399
398
419
371
396
391
377
374
473
478
454
419
308
461
472
463
449
376
369
424
364
334
329
433
381
359
330
327
362
447
430
410
344
402
419
419
392
377
478
421
492
489
302
459
474
463
443
376
379
390
348
337
423
395
390
376
331
326
452
418
390
341
404
425
435
423
392
382
452
508
497
292
436
439
443
436
427
378
393
351
419
393
380
385
392
369
330
330
363
388
396
393
393
402
409
399
389
393
505
357
422
420
417
417
418
415
415
377
390
395
392
388
391
400
399
369
336
338
367
388
391
388
397
407
409
403
395
401
411
423
426
426
424
417
417
414
417
374
391
390
389
392
400
404
393
361
334
340
362
386
395
392
399
408
413
410
402
402
413
424
430
432
428
423
423
419
417
367
391
397
398
403
405
402
389
357
334
342
367
388
394
395
403
412
417
412
405
409
416
422
430
434
433
431
424
419
422
369
392
399
403
435
425
385
382
364
351
350
366
386
409
472
479
290
422
441
430
416
414
423
377
506
338
429
427
427
431
364
393
440
406
391
391
398
341
422
460
279
400
461
456
443
362
422
424
429
421
418
385
506
442
469
415
330
487
481
457
393
280
257
285
317
334
339
332
332
344
365
356
340
340
335
340
343
345
355
365
373
369
372
367
364
355
349
341
340
335
330
248
286
430
312
410
327
302
323
359
342
341
341
335
304
266
364
329
328
330
328
331
339
343
318
360
359
357
352
346
360
261
234
231
251
413
294
307
350
328
321
336
330
225
207
400
296
291
303
301
302
401
312
320
332
362
374
380
375
356
409
243
216
236
341
278
295
340
331
318
334
386
235
434
314
295
304
320
324
319
329
356
325
328
347
353
362
368
358
349
424
229
231
249
268
290
315
314
316
326
393
410
356
342
334
332
334
339
337
344
343
338
341
334
342
349
359
357
351
348
390
234
241
264
287
295
297
310
236
272
318
347
390
284
260
269
288
309
324
331
331
338
323
346
408
434
454
317
402
410
342
244
246
275
300
305
272
226
241
268
305
401
319
301
305
315
323
335
350
350
342
338
345
383
406
424
425
349
405
415
292
244
279
309
314
278
251
259
283
314
340
390
333
325
326
330
335
344
349
343
337
346
377
391
397
403
398
379
413
414
250
261
309
379
313
265
263
281
309
342
336
304
326
264
265
289
383
356
344
320
358
395
398
396
395
395
427
456
450
407
240
298
282
238
315
283
280
289
322
351
273
357
288
290
308
409
370
369
344
305
402
416
410
402
391
409
467
485
450
397
258
315
237
309
276
276
285
481
329
284
306
357
324
433
396
371
363
365
361
332
425
430
260
381
414
421
421
427
409
383
332
331
330
328
330
345
368
386
385
385
392
390
381
368
356
349
360
360
346
329
325
327
334
340
351
366
374
380
378
377
393
334
327
334
348
366
380
379
377
384
399
403
397
375
358
351
353
356
345
333
332
332
335
348
360
371
379
383
386
389
406
329
332
354
375
380
371
366
369
386
401
409
408
387
361
349
345
346
342
335
332
343
348
359
371
379
385
386
388
392
398
330
356
374
412
313
454
376
357
364
376
402
413
406
377
288
327
345
343
331
340
359
378
392
285
360
396
399
391
398
377
335
364
342
276
278
459
374
371
343
347
384
358
314
317
356
354
367
367
332
331
360
392
423
414
337
425
436
428
411
366
406
285
287
307
441
356
361
251
329
352
421
319
295
417
386
389
408
384
340
337
452
462
324
327
424
436
373
429
416
371
322
296
418
362
356
326
336
351
377
404
331
384
387
377
378
400
409
377
339
343
370
454
496
490
466
438
356
455
445
347
347
361
364
369
387
346
339
355
389
418
310
368
387
389
396
406
405
384
366
361
432
500
507
484
455
430
399
487
472
333
356
363
371
380
395
349
343
363
394
324
355
386
402
402
402
405
402
392
375
398
491
506
494
466
442
397
507
501
463
340
361
373
386
397
360
356
366
387
346
351
383
407
412
409
402
403
401
392
394
483
496
484
459
440
389
508
512
481
446
359
369
385
387
399
383
384
391
379
353
363
390
413
444
479
365
394
407
400
392
471
498
488
458
379
344
500
503
481
454
368
377
458
372
340
391
426
389
374
347
351
384
477
431
402
341
404
422
420
397
492
351
493
499
473
337
493
505
480
448
368
384
379
357
423
399
395
400
385
351
355
442
394
371
351
405
423
435
420
400
397
463
518
314
435
432
434
438
433
431
373
387
394
396
395
395
405
408
388
356
361
388
400
400
394
392
405
413
406
401
405
420
434
436
431
431
428
425
424
428
374
392
395
394
393
400
409
403
377
355
363
386
395
400
392
401
407
415
414
408
412
423
435
440
438
435
432
428
428
429
368
394
396
398
403
408
408
400
373
354
362
383
399
399
394
400
413
424
419
414
417
427
436
442
444
441
436
432
430
428
368
395
403
401
406
410
410
395
371
399
317
387
411
412
408
411
420
426
420
420
422
430
437
443
367
446
340
423
427
434
369
397
407
454
439
427
385
395
455
482
458
318
442
420
451
460
359
430
435
423
423
433
395
496
508
483
368
319
483
471
362
404
452
417
405
402
419
452
449
432
425
442
456
445
436
460
488
487
465
437
430
402
504
522
495
468
450
355
500
482
405
258
268
309
334
346
338
334
338
358
362
347
346
344
342
347
352
354
367
376
378
375
373
371
366
358
353
347
346
349
354
267
299
316
409
299
400
333
347
359
338
343
346
402
290
396
333
321
329
330
327
332
340
349
356
358
356
355
355
350
398
274
247
222
235
404
302
326
342
315
321
339
336
243
425
330
311
323
326
324
322
327
355
330
323
353
359
365
365
356
411
249
245
255
269
282
305
328
319
327
345
354
277
422
355
340
343
343
340
342
339
337
343
341
340
341
411
306
352
351
399
230
236
256
277
296
305
372
286
313
338
353
392
291
270
279
297
320
331
335
335
330
332
325
440
383
394
450
315
404
313
236
242
263
286
305
234
212
227
257
297
349
373
297
283
287
310
329
341
346
348
341
410
410
406
423
445
441
377
431
294
236
256
287
300
237
223
232
253
282
334
372
319
322
332
340
348
355
360
358
354
372
405
412
427
443
441
383
418
421
254
264
304
325
277
238
235
246
279
325
346
398
344
341
344
348
352
356
359
353
370
398
416
426
426
425
418
407
432
422
233
276
323
309
246
233
247
280
312
330
363
321
335
301
395
366
363
368
369
361
398
423
432
424
425
432
441
468
454
411
237
296
355
286
253
258
282
305
441
283
305
363
279
276
456
383
363
351
327
375
425
432
426
426
371
463
494
483
432
393
292
329
438
335
319
313
460
363
332
329
356
384
406
415
405
388
377
377
366
402
427
409
393
247
407
445
453
444
419
389
355
329
320
322
332
352
373
380
373
378
391
399
396
387
374
365
364
370
357
338
336
341
338
352
364
377
387
388
391
389
390
337
332
345
364
377
384
379
377
389
404
411
408
390
370
360
359
361
355
351
348
348
353
361
375
385
388
393
395
398
402
335
340
364
383
383
376
368
375
391
405
419
423
405
375
354
350
353
353
344
354
364
369
376
388
394
400
399
397
401
396
337
358
378
417
431
378
364
379
389
393
420
434
419
383
356
350
357
359
352
350
365
386
362
390
339
414
421
414
414
379
339
350
305
311
463
363
362
261
293
303
318
345
428
227
348
363
392
388
350
350
375
466
452
313
440
461
453
390
446
374
345
314
293
445
381
355
356
359
352
348
344
368
354
387
400
418
438
411
370
358
502
421
491
494
481
455
429
437
472
342
340
357
361
363
330
344
367
375
370
362
350
335
393
402
409
420
425
402
373
365
408
501
515
510
486
452
425
426
482
334
355
368
370
327
338
358
378
391
380
363
316
382
406
409
411
416
416
401
383
367
492
515
521
504
477
448
449
505
485
338
361
370
431
349
354
369
386
386
375
326
384
413
426
422
414
410
405
395
415
420
500
516
508
484
455
445
517
506
469
347
369
379
406
394
379
381
382
372
356
379
406
429
430
420
408
399
401
396
407
492
506
497
475
454
389
516
521
489
461
365
377
386
396
372
371
369
367
396
376
384
410
431
408
442
367
396
410
465
448
505
509
491
465
387
417
519
515
485
458
364
376
438
363
416
397
393
399
397
380
389
415
466
408
386
398
406
412
410
403
400
413
444
499
325
438
445
449
447
445
369
381
393
398
400
405
412
416
407
383
385
411
421
416
403
396
400
409
410
403
408
424
435
440
440
438
438
438
440
442
365
386
396
400
400
404
413
415
398
379
387
411
419
412
401
398
406
414
416
413
417
428
442
445
445
444
441
439
438
441
364
392
399
401
404
411
417
410
393
378
388
408
416
410
402
397
410
423
423
420
423
434
446
449
449
448
444
442
439
438
365
397
405
406
411
415
417
407
390
381
392
449
381
409
410
408
419
431
430
427
433
437
445
452
455
453
432
484
329
433
375
403
411
418
419
467
416
401
480
492
462
429
387
460
464
452
447
439
431
430
435
439
450
448
524
514
484
460
451
329
389
410
426
453
431
441
429
481
500
488
453
419
407
485
486
429
494
508
499
472
452
446
366
518
519
498
472
459
341
502
367
412
422
426
405
425
447
481
497
490
454
492
523
497
439
490
491
485
467
447
339
510
514
500
484
472
462
400
514
491
392
256
283
323
348
348
336
338
350
362
352
347
351
350
354
358
363
369
379
386
382
379
378
372
368
358
357
356
353
355
370
283
301
309
308
305
305
323
351
347
345
354
359
363
360
358
355
362
371
369
361
356
352
348
349
352
352
357
355
354
405
277
272
279
282
291
306
330
305
285
430
410
379
350
337
330
340
359
362
350
339
329
335
335
339
342
355
360
363
357
378
233
236
261
280
300
316
316
377
246
263
296
337
396
294
268
275
301
321
328
338
336
337
334
447
415
395
436
456
335
332
239
240
253
273
294
281
225
228
247
267
304
363
338
288
283
299
320
341
347
349
350
384
422
413
409
424
398
448
408
274
229
243
271
297
294
239
239
243
255
290
347
388
320
311
321
331
349
358
363
361
368
414
415
419
436
456
414
392
442
261
246
275
302
290
238
237
240
253
292
345
411
347
349
356
360
365
369
371
367
373
404
410
421
435
446
448
378
428
433
251
272
311
378
271
240
233
252
290
333
399
341
362
379
386
384
383
383
380
346
378
395
407
414
414
417
421
445
435
411
253
302
337
310
314
253
265
292
325
394
303
361
347
350
433
380
364
366
276
372
394
402
397
391
400
407
486
484
440
400
280
328
342
328
330
336
301
316
440
299
319
341
357
361
364
438
371
338
355
366
416
416
401
390
402
484
502
481
438
408
316
341
291
307
328
340
458
352
337
298
327
351
361
361
360
352
349
438
405
393
395
436
269
426
453
453
444
430
416
409
362
330
323
329
343
358
373
377
290
317
346
366
371
366
350
339
279
320
346
354
360
360
360
365
374
389
396
405
407
411
377
338
341
359
375
382
386
382
288
332
364
382
385
369
348
334
273
334
364
376
380
384
388
391
393
399
401
406
409
414
387
337
348
371
385
387
378
283
315
345
370
389
391
375
350
298
321
346
362
373
382
390
400
405
409
413
415
413
412
419
382
340
357
379
387
379
379
322
339
328
352
365
392
370
343
299
326
358
381
376
378
391
407
419
426
324
456
470
460
317
365
352
376
389
394
394
331
356
352
361
367
383
400
378
346
301
377
429
437
414
403
408
418
410
488
496
476
450
428
368
348
339
366
381
384
363
342
351
373
372
384
385
388
381
341
391
421
440
438
417
401
357
497
514
510
491
468
443
439
320
329
351
371
376
359
341
350
373
386
391
394
389
402
378
412
424
433
436
422
402
388
503
522
523
514
488
464
437
470
430
340
368
377
364
346
354
368
384
396
400
387
388
380
429
440
439
436
428
412
365
485
506
515
518
506
483
459
479
502
481
340
370
378
374
360
368
381
393
402
390
405
390
443
452
446
428
415
408
378
478
497
502
503
496
480
463
470
526
508
478
356
373
445
388
374
380
386
391
390
376
405
432
448
451
431
415
402
400
384
495
517
514
507
486
466
421
523
521
496
472
368
377
427
412
407
383
381
419
399
395
406
434
448
442
426
408
400
466
416
499
514
508
488
332
509
517
501
480
466
458
367
377
414
402
402
405
412
419
417
409
419
439
446
440
416
401
398
402
489
521
279
446
443
444
451
456
456
454
454
454
366
385
395
402
408
413
420
427
417
406
413
431
441
430
412
400
403
409
413
414
421
429
441
449
452
452
453
453
450
452
366
389
400
406
412
418
423
425
413
402
410
430
438
425
410
401
408
416
422
422
425
437
446
454
455
455
454
451
453
453
363
395
406
412
417
421
424
423
408
401
414
303
458
418
357
407
430
441
442
436
437
442
453
457
460
460
457
456
454
455
364
401
412
416
421
425
428
420
350
474
492
481
456
446
443
404
451
465
457
444
442
448
457
465
393
502
496
475
463
304
383
417
434
445
449
451
391
475
501
509
493
467
446
474
447
425
414
497
509
486
464
456
384
522
526
506
481
466
461
382
386
423
437
445
444
410
467
489
501
501
480
471
509
523
461
435
464
511
514
486
461
347
522
523
509
491
479
467
391
516
374
423
434
434
418
441
479
490
494
479
478
448
510
506
474
446
456
493
485
463
459
400
535
531
509
492
480
470
427
518
393
269
295
330
349
442
350
320
323
336
349
420
296
276
292
324
358
388
401
401
377
369
376
377
376
374
380
387
389
343
263
252
282
308
322
326
332
267
413
361
356
363
370
375
375
374
372
378
376
373
366
364
359
351
349
349
349
351
354
348
393
280
271
282
295
306
319
327
325
450
394
316
318
332
399
305
279
284
303
326
337
347
350
346
343
432
334
422
443
426
360
245
245
262
275
287
302
302
249
271
264
296
333
374
296
281
293
314
336
352
361
362
357
383
431
428
414
429
422
400
293
238
239
257
277
296
232
233
257
249
275
310
355
361
310
303
313
337
356
371
374
349
411
426
423
413
420
442
433
412
258
236
253
280
396
260
246
266
253
262
290
335
422
348
338
343
353
367
377
384
299
399
414
413
410
416
429
438
391
452
253
263
293
352
300
288
267
256
264
296
331
436
361
360
367
372
379
384
388
394
321
393
409
412
416
420
423
400
443
445
271
297
321
302
301
310
253
267
297
334
408
344
309
309
317
411
342
363
398
377
346
396
405
410
411
418
465
476
453
424
295
326
329
317
326
334
270
444
353
413
332
342
347
352
363
373
382
368
397
387
346
410
371
403
406
448
492
486
455
427
309
301
294
316
332
344
337
307
402
300
336
345
354
363
372
374
374
417
402
426
424
414
403
374
489
510
504
474
441
422
350
346
297
316
410
365
357
359
285
324
339
354
367
375
369
364
358
432
426
419
410
283
419
437
435
432
428
422
423
423
355
320
324
343
363
377
380
282
311
327
344
372
395
390
371
359
364
264
356
396
402
399
395
399
402
410
414
419
423
427
375
338
348
369
387
396
315
315
315
329
363
401
415
405
385
380
283
349
391
405
407
411
412
417
418
419
421
422
424
346
366
334
354
383
395
394
383
331
323
343
384
365
377
440
443
272
317
358
386
399
408
420
430
433
433
432
348
481
500
421
320
343
372
386
385
379
348
350
383
367
367
372
412
456
408
283
369
423
441
445
454
463
464
455
408
490
497
478
452
411
325
348
373
382
384
386
370
357
370
376
374
378
436
413
341
378
404
421
428
433
437
440
402
497
511
501
479
452
460
386
350
350
364
374
382
365
353
369
384
339
400
428
434
368
403
420
430
436
435
432
385
503
527
524
510
489
464
474
451
437
344
354
368
375
375
357
368
374
385
394
415
428
392
426
437
438
438
434
427
419
463
521
536
537
515
483
459
471
421
449
345
370
382
380
365
386
384
388
395
411
424
387
430
442
442
436
428
421
415
422
511
538
542
530
507
478
462
457
509
499
350
375
440
385
377
381
389
398
408
423
388
431
453
459
445
429
414
409
363
490
516
523
521
512
492
472
464
528
524
494
366
412
411
393
386
388
393
403
404
403
420
443
459
457
436
418
405
353
481
510
515
510
505
489
389
522
533
514
492
475
369
417
434
408
393
390
433
418
416
419
434
452
459
452
429
409
399
433
505
521
520
504
284
501
513
505
495
479
473
466
371
384
394
402
412
420
431
434
434
431
440
454
461
449
425
405
400
405
410
416
421
431
442
452
457
457
462
463
465
467
369
388
401
411
419
425
434
437
434
425
435
449
454
440
420
406
404
410
419
422
429
437
447
456
460
462
463
462
464
466
367
395
407
417
424
429
437
437
429
425
436
309
408
427
436
344
409
438
445
442
441
444
452
464
468
467
466
467
432
409
369
405
420
427
434
439
438
439
435
301
450
481
484
472
441
437
431
338
458
475
466
460
466
477
481
445
520
517
495
480
396
422
438
447
450
449
450
414
482
504
514
510
483
516
506
475
447
374
522
547
539
516
496
390
527
529
510
490
479
316
391
429
449
456
459
425
443
470
499
518
523
499
496
514
507
479
452
453
519
506
480
368
527
533
517
502
487
480
474
424
398
434
448
448
423
447
464
490
509
519
499
505
494
520
504
475
466
509
507
484
422
370
529
533
520
502
491
481
428
524
387
433
439
420
448
461
482
496
499
474
512
478
518
508
477
447
446
483
480
506
377
531
536
522
506
493
486
431
526
422
374
287
311
338
415
348
326
327
340
349
430
307
279
292
327
367
391
404
400
392
383
387
389
387
385
385
392
401
362
389
261
269
299
325
332
341
346
348
348
349
459
358
321
317
434
344
308
299
307
330
353
369
374
368
359
350
342
406
450
443
394
249
249
273
290
302
310
320
358
281
294
299
322
349
382
313
294
296
316
344
364
370
371
363
433
349
409
428
434
413
325
249
250
266
282
297
311
249
248
288
287
314
340
399
325
308
314
331
356
374
387
386
393
429
432
368
425
451
433
385
284
238
248
270
295
397
264
259
281
277
306
331
356
422
348
328
329
344
366
382
390
379
345
414
418
419
415
437
417
413
265
250
271
332
293
285
289
282
267
279
298
318
444
365
351
355
366
382
393
419
394
386
340
421
432
434
436
433
402
458
275
289
295
286
291
303
321
340
300
304
315
401
441
289
307
324
348
378
388
430
395
374
375
340
432
446
439
438
463
456
298
318
271
273
290
316
334
331
310
503
350
329
344
353
359
367
381
397
463
437
410
388
372
430
438
430
495
497
477
459
280
305
283
301
321
336
351
363
477
311
333
353
357
356
363
377
390
429
439
362
383
405
376
412
416
456
484
480
459
442
352
321
297
308
333
344
442
349
296
331
356
358
359
366
377
385
407
451
436
423
419
423
409
371
473
494
486
467
446
436
319
281
302
328
390
349
297
307
329
350
356
363
373
382
383
377
443
441
432
426
278
426
472
483
482
474
463
449
442
440
389
331
336
359
376
387
311
324
341
351
366
383
397
394
377
364
363
290
382
422
425
419
416
417
423
425
430
435
437
332
380
333
349
379
398
362
341
338
338
353
381
415
371
465
427
393
273
365
420
435
438
440
444
444
441
439
435
431
462
410
348
332
362
388
401
366
343
342
351
330
380
394
399
440
414
271
337
392
418
426
436
446
453
453
450
305
454
481
486
491
324
350
379
394
395
350
349
355
372
384
385
385
419
445
331
368
405
428
440
447
455
458
457
436
492
497
477
456
498
473
342
352
372
382
346
376
364
369
384
390
384
396
432
371
374
413
436
447
454
455
454
427
505
521
515
491
465
505
492
353
352
364
377
387
380
367
371
382
393
387
413
434
400
414
426
432
435
440
438
438
453
518
537
529
508
480
460
430
467
478
363
369
381
386
375
376
385
392
400
415
429
431
403
434
446
449
447
439
435
430
515
542
549
539
512
487
477
496
503
485
370
378
380
381
378
382
390
402
415
426
428
401
439
457
461
454
441
428
435
510
536
540
534
514
492
472
502
443
505
503
354
372
377
379
382
391
402
410
425
426
420
447
464
465
450
429
415
389
487
518
528
524
516
498
481
437
535
540
521
494
365
377
380
386
395
400
408
420
440
427
441
462
471
464
438
414
403
418
501
529
534
521
502
483
391
525
540
523
502
487
372
455
395
397
399
435
432
431
431
438
453
469
472
460
436
411
402
490
483
528
537
264
491
500
498
496
495
488
483
481
377
398
413
417
427
434
441
448
452
451
459
466
470
456
431
409
502
350
398
421
432
439
449
458
466
473
473
473
475
480
378
397
411
424
432
441
447
452
449
448
457
322
391
407
416
423
429
308
435
465
462
460
464
473
480
482
478
476
478
478
379
400
414
427
434
442
448
451
450
432
500
395
489
507
497
457
444
436
332
462
477
473
476
482
488
489
379
506
512
498
394
421
441
452
456
453
455
302
395
490
515
519
511
482
520
508
480
458
382
522
543
535
517
501
441
534
533
515
497
487
405
428
446
453
453
452
439
451
501
519
524
514
417
485
517
511
491
466
476
542
552
533
375
531
536
524
508
494
489
328
398
435
453
458
458
442
466
501
514
518
509
499
516
497
523
513
483
449
513
510
381
383
531
544
529
513
500
490
487
450
413
443
450
423
451
492
498
504
503
480
441
528
489
521
512
484
461
456
494
476
542
386
538
544
530
514
501
491
459
435
421
450
447
430
458
486
492
496
486
486
534
444
516
520
496
463
444
478
481
548
391
539
546
534
515
504
493
410
477
519
363
302
314
335
347
410
342
319
466
375
340
337
345
377
347
438
417
395
374
368
372
383
384
383
380
377
380
376
388
432
336
288
291
307
326
331
335
343
343
392
354
311
318
335
430
352
321
314
323
343
369
385
390
386
380
343
391
419
438
441
348
255
259
283
301
314
319
325
279
309
291
316
345
373
402
335
315
316
331
356
378
390
391
417
352
389
405
442
451
439
306
252
259
280
297
286
254
253
423
324
323
329
345
430
346
329
335
349
369
389
400
390
397
399
394
397
447
461
452
382
270
246
266
294
337
272
259
267
290
324
313
322
332
443
360
340
346
364
383
391
432
412
404
401
399
369
430
445
441
422
268
270
293
310
285
282
291
316
334
324
311
317
463
396
335
319
321
340
378
440
428
417
407
404
365
449
462
450
432
463
288
298
281
267
273
293
312
335
332
311
313
413
344
346
359
365
379
402
426
436
428
412
402
369
451
461
452
496
490
473
280
288
273
288
305
322
340
357
441
330
359
342
349
355
362
372
392
421
439
438
441
425
425
361
435
444
511
506
489
474
305
322
295
308
323
341
350
334
332
329
352
360
359
362
371
387
405
439
451
443
438
436
391
419
464
503
514
512
495
483
345
287
301
329
346
351
501
309
331
358
367
364
365
375
385
397
413
432
439
442
442
408
368
462
491
493
483
471
460
454
306
289
408
354
345
354
306
330
353
364
367
372
381
392
394
387
381
433
297
395
428
435
435
434
436
439
445
449
455
331
412
334
347
371
389
355
354
363
369
370
380
403
428
436
417
393
381
317
416
443
448
447
446
445
444
441
444
446
439
463
360
328
355
386
361
347
349
358
363
364
324
412
439
393
420
396
293
404
445
453
460
466
471
467
459
452
314
468
440
490
315
339
379
404
332
341
354
364
309
374
404
408
415
429
408
313
396
440
457
461
469
472
472
462
419
496
502
505
511
492
330
358
387
399
340
352
385
366
371
382
389
392
426
422
359
400
428
447
456
463
465
465
450
500
511
494
470
508
498
459
355
368
381
349
408
389
381
380
383
387
419
428
427
395
418
434
448
454
460
457
443
510
527
523
504
480
499
499
439
350
367
372
380
383
389
390
392
391
419
418
428
432
424
437
446
449
448
446
444
464
520
537
534
516
489
454
508
512
463
482
370
373
384
397
400
397
389
398
412
426
429
429
446
457
460
457
448
437
464
518
537
538
520
496
477
530
524
518
521
498
365
373
383
396
390
392
399
412
423
428
419
447
461
471
468
453
435
422
473
523
543
539
521
497
477
525
409
511
516
502
352
369
379
385
393
401
411
420
424
449
440
457
470
464
445
424
409
419
501
531
539
527
510
484
522
450
542
545
523
501
363
399
389
399
403
406
415
458
441
440
454
473
477
467
443
420
405
448
510
533
529
512
523
330
517
543
534
515
501
493
384
389
402
404
404
456
448
447
449
453
465
478
477
464
438
413
400
507
473
471
465
273
491
509
509
509
505
501
497
496
389
406
418
429
442
449
457
460
467
468
476
483
327
395
415
425
508
394
425
313
471
498
497
497
496
500
499
489
489
492
387
405
420
433
444
453
460
465
470
470
409
481
431
498
514
481
480
470
459
328
478
496
497
497
499
501
496
489
489
415
388
409
425
440
452
456
462
466
468
286
448
508
523
517
498
517
510
489
470
345
492
512
513
509
507
423
529
535
520
505
411
435
453
461
465
462
463
456
459
513
529
529
512
433
498
522
517
494
424
531
548
538
517
418
544
551
532
514
502
496
419
438
450
453
451
451
469
476
514
530
524
493
515
493
525
520
497
471
509
547
544
380
392
543
552
536
520
508
499
338
410
438
450
454
448
469
499
509
514
501
470
543
522
506
528
516
489
442
504
504
495
396
541
550
541
521
510
500
496
446
444
458
454
435
464
488
496
500
495
477
555
537
501
529
519
494
466
511
513
513
547
400
541
551
541
526
513
502
516
531
451
457
427
459
478
483
485
487
528
552
540
472
529
534
512
482
504
509
522
546
404
541
551
540
527
514
505
356
538
446
374
330
325
341
414
395
375
361
355
358
359
398
367
354
433
466
402
362
350
349
360
372
380
384
382
385
384
385
423
440
375
276
270
289
313
330
336
340
389
337
334
326
404
364
432
366
340
335
341
357
375
389
396
396
349
388
411
432
452
448
324
256
272
301
318
325
301
278
284
372
303
307
332
361
419
351
331
334
349
369
386
394
379
408
416
417
417
454
457
443
294
258
277
301
316
395
279
259
254
277
306
331
362
448
362
342
350
370
392
391
389
421
424
425
425
423
462
470
365
390
276
256
277
304
312
270
268
291
306
305
323
473
464
363
350
367
355
368
392
454
427
414
409
408
409
455
348
478
438
455
277
278
301
293
273
280
301
315
320
336
391
429
335
340
357
371
388
409
431
454
431
419
412
412
317
468
496
506
488
471
258
280
310
285
284
297
313
325
349
351
385
328
338
351
358
370
390
412
447
442
433
423
417
464
379
461
505
509
493
479
273
318
294
291
302
316
336
435
341
370
338
348
354
359
369
387
407
434
439
454
443
437
431
383
443
491
511
514
502
490
314
325
307
317
335
349
334
356
335
344
354
359
360
371
385
401
411
437
447
454
452
444
396
428
488
509
519
511
506
499
324
291
313
339
356
505
335
339
352
361
360
362
375
388
399
402
415
439
452
454
446
380
446
470
479
479
476
477
481
348
292
421
363
359
367
373
363
375
390
375
372
385
404
412
427
421
420
428
359
430
441
444
446
447
445
446
451
458
426
460
393
340
358
381
355
348
361
385
386
371
377
394
415
450
429
425
430
354
431
447
456
463
469
463
457
452
451
494
409
494
348
346
374
330
327
346
365
376
370
317
398
423
427
413
420
433
339
427
452
461
469
479
479
475
464
308
460
480
515
501
337
368
401
337
344
354
367
368
371
387
400
412
418
422
435
352
426
460
471
475
478
480
478
452
507
512
493
516
509
485
353
387
405
362
356
411
386
377
383
391
403
412
429
372
405
430
449
457
460
465
463
457
511
520
510
490
508
517
501
455
371
380
388
376
406
401
398
396
398
403
413
442
436
422
439
453
461
460
458
455
487
521
527
514
494
462
519
526
514
468
374
375
387
394
401
405
420
405
409
422
431
463
424
446
459
466
461
455
443
494
524
530
521
502
484
526
540
529
510
532
380
380
378
394
396
388
395
407
424
433
429
423
453
467
468
467
457
439
470
521
537
534
519
500
534
547
536
527
543
437
357
363
404
389
390
398
408
422
436
431
445
457
471
476
469
452
433
419
494
530
536
527
506
486
547
539
426
529
528
508
344
397
390
393
399
406
417
429
468
442
448
466
478
471
453
434
418
442
508
528
528
468
531
549
398
536
556
539
512
498
389
408
408
409
411
415
479
461
453
454
468
483
487
473
447
423
407
493
511
442
467
529
301
515
545
544
529
515
505
503
416
404
409
444
451
457
462
466
469
474
484
491
491
475
433
445
500
516
420
294
454
498
505
505
505
507
507
504
500
501
386
412
427
444
457
465
471
475
479
484
485
459
500
496
470
445
431
470
518
525
343
490
519
523
521
517
511
503
498
503
395
410
425
440
455
461
470
479
487
412
301
437
462
510
489
464
489
529
531
334
479
499
501
504
507
508
502
410
522
523
402
433
455
470
473
473
470
472
488
497
481
522
463
477
491
500
531
524
498
398
522
547
543
525
442
547
556
536
518
506
430
443
455
458
458
455
474
433
510
536
541
538
524
499
494
529
529
505
462
539
547
534
394
541
553
544
529
515
504
503
434
444
448
444
442
466
466
512
535
539
553
551
529
502
537
532
504
474
524
546
535
377
403
546
560
546
529
516
506
487
437
449
447
441
465
486
503
511
519
507
553
538
484
534
540
519
489
466
533
532
504
400
545
556
544
531
519
512
536
538
446
451
445
457
479
486
493
499
493
540
539
520
490
539
540
519
490
521
526
511
543
448
551
557
543
526
517
552
547
430
449
449
444
472
470
477
484
483
535
541
466
526
537
528
502
477
512
521
507
543
443
550
556
541
527
517
305
463
544
543
414
426
358
332
331
337
430
370
341
391
365
359
357
434
477
428
393
374
372
379
391
394
394
391
396
378
385
408
432
446
354
282
287
317
341
349
349
354
325
313
407
350
352
368
430
369
348
344
353
369
383
383
391
370
399
414
420
438
455
457
310
251
281
314
400
381
289
384
292
259
288
328
358
446
449
361
359
371
394
399
384
399
418
421
426
425
444
467
466
399
285
247
273
338
373
273
258
262
275
312
334
355
384
412
356
342
337
339
358
409
421
428
427
427
431
431
466
470
363
430
245
266
307
314
271
269
291
320
323
311
330
516
407
339
342
361
376
386
412
483
439
416
413
420
422
297
481
506
505
459
238
273
318
288
287
304
320
324
330
383
339
385
331
343
359
373
382
403
445
436
433
431
432
431
432
394
487
537
489
466
258
308
299
295
305
311
322
338
348
331
378
341
346
360
370
379
397
406
430
439
479
463
442
440
388
471
525
516
497
487
286
330
316
309
319
334
349
432
384
337
344
354
361
373
383
392
398
443
446
448
455
455
425
379
474
512
518
515
507
504
341
330
309
321
339
353
369
338
342
355
364
368
373
386
391
393
414
436
450
463
455
438
415
478
500
513
512
514
510
372
318
291
456
420
412
347
410
385
391
387
371
383
393
434
376
415
418
447
468
390
428
436
442
448
452
460
464
470
421
469
404
363
351
309
365
356
368
395
407
375
374
389
436
373
369
418
424
364
427
439
448
393
434
440
459
461
465
473
489
474
376
380
405
361
351
362
384
407
396
377
384
400
453
461
436
430
378
444
445
441
447
458
469
465
458
453
449
424
494
496
373
378
399
312
330
356
377
385
380
314
413
442
449
457
438
345
416
432
433
440
451
465
473
473
322
454
479
529
519
493
356
384
413
353
360
366
366
362
371
394
415
433
445
411
362
423
455
470
475
473
475
472
474
517
515
497
523
534
512
485
357
387
372
369
370
411
390
383
389
407
424
439
441
391
429
455
472
480
479
475
464
492
514
510
496
451
500
504
491
475
380
380
372
374
438
420
438
413
399
434
443
450
406
436
453
470
475
477
467
460
498
516
513
500
486
528
540
524
514
528
392
384
371
408
407
404
392
401
415
433
452
423
444
484
449
465
469
459
450
493
524
530
521
505
532
546
535
534
547
516
402
389
407
401
388
392
403
419
435
441
416
446
495
464
472
473
465
449
484
526
532
523
507
534
552
540
394
554
383
444
334
410
422
397
398
404
416
428
436
479
463
475
482
477
465
450
434
467
517
525
516
499
523
544
542
469
545
539
515
499
342
428
403
404
406
414
424
490
459
450
467
485
489
477
456
434
416
490
518
505
488
525
545
374
535
560
550
528
508
499
417
414
410
406
408
490
476
468
462
469
482
494
493
481
454
389
493
524
524
462
518
333
505
539
542
533
523
516
511
509
372
410
433
450
463
470
477
479
481
486
491
433
491
487
465
443
428
410
497
522
519
367
506
541
547
536
525
515
507
509
390
415
434
452
465
471
476
481
491
494
463
521
529
522
509
459
446
511
539
529
495
372
508
546
549
539
524
510
510
418
394
423
444
439
418
490
481
484
403
505
325
467
489
494
507
482
493
538
538
505
369
513
443
494
517
520
475
555
556
532
435
453
477
484
479
470
468
501
418
517
536
536
530
513
511
489
535
537
508
440
535
520
535
423
550
561
552
535
514
506
445
449
452
454
451
448
495
493
534
541
557
556
537
458
530
547
533
499
466
532
550
541
393
448
555
565
552
533
515
406
445
452
452
445
474
495
497
526
541
540
523
506
480
492
544
550
528
497
517
545
371
503
443
554
565
553
533
520
512
512
438
443
438
458
489
466
493
512
515
546
542
518
498
548
553
537
505
517
538
523
545
399
549
561
549
534
525
518
545
532
434
441
456
484
455
476
490
496
487
539
525
509
559
561
543
515
519
531
497
535
527
449
552
559
544
533
522
558
427
542
427
437
462
444
467
480
486
491
527
524
493
533
535
474
508
516
526
505
515
530
435
552
560
545
532
521
509
568
561
538
466
389
350
342
399
445
369
338
334
429
385
433
388
382
474
407
369
358
365
384
401
407
406
385
394
416
430
432
445
449
254
387
295
303
325
336
342
443
344
355
305
332
367
448
385
357
357
367
390
413
399
424
345
413
421
424
428
421
457
416
326
236
267
397
330
325
398
302
269
271
335
367
383
452
369
358
390
373
361
394
439
431
440
436
431
434
435
455
474
441
220
247
322
296
351
273
266
270
287
324
337
358
411
349
385
367
371
372
393
435
421
455
451
445
448
453
450
324
508
443
230
288
333
320
292
297
326
343
326
326
540
374
383
349
356
373
378
395
416
424
417
419
427
438
447
446
378
554
496
461
232
284
307
293
304
326
333
327
341
343
386
339
345
359
371
384
396
412
433
438
456
456
457
461
359
474
548
517
496
480
256
317
349
321
311
311
324
464
350
377
342
344
357
368
388
400
413
420
437
435
436
458
452
443
402
503
522
523
510
503
292
357
317
313
326
343
338
398
341
337
346
359
370
387
402
413
415
450
451
460
464
450
429
451
504
518
523
523
521
511
351
313
308
326
371
333
394
359
348
352
359
371
389
402
399
374
387
456
474
481
444
401
469
389
432
507
513
516
439
495
389
390
391
339
328
342
395
369
370
363
367
383
432
366
365
410
425
433
378
421
434
441
414
437
450
402
473
491
529
524
377
397
385
354
351
366
374
386
381
379
383
451
368
368
446
434
436
419
433
427
429
472
467
418
467
473
475
548
542
371
404
403
421
360
371
383
400
424
426
399
384
445
464
477
457
438
417
455
451
442
440
452
465
472
468
463
384
439
487
484
391
390
315
322
340
367
390
399
330
374
413
446
468
485
455
358
434
456
463
461
468
471
477
427
505
515
433
501
516
414
377
399
348
364
388
408
445
379
367
388
426
456
468
452
374
442
476
492
493
484
475
470
500
520
505
489
527
522
502
482
384
337
363
392
449
439
388
373
386
411
443
457
456
380
441
472
488
494
488
479
463
500
520
514
498
534
543
529
503
530
400
376
405
403
414
384
381
394
421
434
438
449
397
449
486
480
487
487
475
470
518
523
512
498
531
548
543
518
546
525
369
401
417
406
389
386
399
423
448
434
447
435
495
484
473
480
479
467
447
515
530
523
508
530
550
545
526
553
543
335
347
371
454
403
392
399
415
435
438
453
409
495
482
470
477
482
480
458
504
534
527
507
522
549
552
538
554
408
500
502
329
361
412
403
404
413
427
431
490
447
458
481
489
482
468
455
443
487
524
521
444
527
555
550
427
558
571
544
514
501
349
472
427
410
406
411
502
477
457
459
482
498
498
482
462
442
490
516
518
494
521
541
377
528
556
553
535
522
512
507
367
412
417
463
468
475
477
478
475
479
494
500
497
323
451
476
470
458
423
511
532
524
412
529
553
551
540
525
518
512
376
419
442
463
472
480
481
480
481
491
494
445
525
537
531
334
473
481
535
541
512
367
512
544
466
526
524
521
515
519
390
421
446
472
461
498
486
485
496
537
472
530
540
397
420
489
474
526
547
519
345
496
456
531
533
478
520
532
528
521
400
426
469
455
448
491
486
496
518
381
518
543
543
538
540
484
537
545
515
475
354
520
546
539
493
407
518
531
528
522
467
466
485
478
471
471
491
414
505
521
551
559
556
537
475
542
554
534
496
466
532
543
380
449
557
568
559
539
520
364
423
438
452
460
461
503
492
525
541
513
542
526
497
494
553
562
548
509
474
452
495
469
537
491
563
568
551
532
516
547
443
445
441
442
491
498
522
539
539
497
518
491
472
555
569
563
536
501
508
528
408
509
442
559
568
555
538
526
574
564
433
441
442
491
470
493
511
519
497
532
512
494
563
578
570
545
516
515
531
507
504
437
556
561
547
535
526
572
567
545
430
446
481
467
486
498
501
497
504
518
503
571
586
575
479
391
521
533
498
527
428
550
557
543
529
526
553
573
436
560
427
447
481
452
477
489
491
517
531
524
532
539
532
558
549
523
530
509
494
466
473
559
556
541
531
479
568
571
553
535
482
364
342
453
373
350
347
352
437
387
432
381
378
471
404
372
364
369
383
407
416
400
399
441
417
432
437
438
443
399
239
309
277
302
409
370
428
343
315
305
344
392
402
417
431
379
374
384
366
341
403
443
444
443
428
421
424
441
454
467
278
240
353
313
310
343
288
278
272
309
357
373
433
364
363
436
403
377
370
428
464
470
471
442
425
439
453
464
512
459
225
275
303
301
316
279
278
284
315
337
355
384
381
365
402
385
373
375
418
453
471
484
467
453
461
478
307
551
498
453
242
283
370
373
315
318
335
327
324
347
524
391
356
364
375
381
387
421
434
455
456
447
422
450
474
488
385
542
501
474
252
305
345
317
325
334
330
337
428
370
366
357
356
365
380
395
411
425
432
440
443
455
467
476
380
512
526
526
508
496
276
339
358
320
309
315
336
358
366
353
354
355
365
387
406
409
419
412
450
452
462
482
466
447
465
517
529
528
517
513
322
372
318
306
320
344
390
351
350
350
355
374
389
402
411
415
421
425
466
473
465
472
403
478
502
515
518
515
512
429
359
394
412
383
341
337
398
368
356
354
371
384
392
418
372
427
429
433
441
375
421
437
401
421
436
407
481
498
522
515
353
387
390
351
345
394
378
374
375
380
378
450
394
363
378
446
444
453
413
429
429
455
445
442
449
423
485
556
540
380
375
417
361
361
407
391
392
414
429
394
377
453
371
442
441
447
456
437
444
432
432
474
455
447
483
482
546
546
408
446
438
425
430
358
363
370
401
433
422
390
412
434
453
448
454
459
451
479
474
461
447
454
465
464
465
409
420
487
483
455
402
392
359
349
364
395
422
395
391
395
415
447
463
458
453
367
450
479
486
484
480
477
469
462
507
508
546
530
504
469
383
357
350
376
407
412
394
396
405
424
412
451
459
355
434
465
480
485
487
482
476
478
529
525
504
544
545
530
506
518
425
359
392
418
405
399
401
408
427
408
435
454
402
450
473
494
497
494
488
474
494
524
518
500
531
550
544
520
540
545
357
398
416
399
401
402
413
431
463
417
445
418
481
489
486
492
498
493
475
504
528
520
500
527
549
545
525
544
552
522
385
409
415
399
401
410
428
456
417
435
421
493
486
476
489
495
491
480
506
536
527
501
486
543
548
536
537
559
536
381
364
391
400
406
415
431
452
443
419
431
455
496
474
503
497
491
479
451
514
537
530
519
553
550
536
540
566
439
513
515
332
378
413
423
434
441
426
507
459
442
470
497
508
496
481
467
454
506
531
462
539
549
535
390
553
577
565
538
516
507
367
416
439
435
491
481
482
478
467
471
493
508
504
487
526
505
492
491
473
520
455
536
549
455
549
566
561
546
528
518
374
421
446
465
479
485
490
483
477
481
495
503
550
542
534
520
392
472
451
535
548
520
412
533
555
554
544
532
522
516
389
429
456
475
472
479
511
489
481
489
529
521
485
456
363
453
505
485
544
545
509
368
517
418
536
547
499
524
533
527
401
434
485
469
456
506
490
488
510
513
480
476
428
454
465
510
499
548
550
511
355
494
465
543
544
466
525
535
532
525
398
441
471
452
493
486
488
509
406
414
546
563
563
419
523
513
554
557
520
478
346
486
545
484
398
515
526
530
524
422
444
458
474
483
484
480
510
489
472
538
568
568
551
528
494
559
567
548
506
473
426
506
398
490
569
572
555
536
522
547
457
451
455
454
453
506
515
490
494
558
568
492
425
557
581
579
561
531
499
516
535
513
438
561
572
559
542
530
586
577
443
448
447
447
522
500
480
470
503
539
512
480
506
573
583
580
556
521
524
544
486
537
489
567
568
552
537
529
577
558
477
470
461
501
518
497
480
469
535
534
497
511
582
592
588
563
533
544
547
499
538
433
560
565
553
541
533
578
570
416
485
469
497
397
497
480
512
522
517
506
545
559
568
494
551
553
553
551
496
526
419
555
558
544
534
531
486
573
575
551
480
456
419
474
496
505
506
499
506
515
514
529
579
589
570
558
553
446
480
404
553
554
539
528
322
493
575
573
555
539
454
335
331
399
368
363
365
425
447
389
370
385
409
390
374
374
387
404
406
348
347
395
428
440
445
386
403
417
399
401
274
319
280
425
355
335
367
322
308
325
385
408
337
439
389
384
406
424
372
370
410
383
457
431
410
412
427
448
442
443
264
268
308
302
357
294
283
287
304
359
389
398
391
368
381
447
397
377
393
431
409
462
503
459
450
463
482
485
474
449
258
312
303
311
323
286
285
299
322
340
369
382
357
379
408
380
382
400
432
428
454
429
435
475
476
490
308
526
480
462
283
338
371
386
334
333
337
324
334
422
401
371
370
372
384
394
417
433
442
459
432
441
475
475
487
382
543
510
494
474
265
319
366
363
331
314
316
359
361
347
363
371
372
373
393
406
421
425
460
444
448
456
478
475
426
533
529
525
505
480
278
338
361
316
308
320
387
360
346
363
374
376
384
394
407
419
424
446
466
457
457
476
456
479
522
539
538
524
505
495
330
369
485
431
397
396
367
355
362
370
376
388
398
448
414
422
430
424
427
392
415
430
439
449
462
472
478
488
495
445
333
436
409
333
320
337
387
374
371
376
390
405
421
422
366
451
438
442
451
412
415
449
406
422
436
454
490
525
547
541
381
390
389
355
358
388
377
376
381
392
398
417
402
368
455
446
457
467
431
438
442
488
464
445
447
487
542
568
554
416
396
415
384
395
389
388
394
420
430
400
385
398
418
446
451
462
471
444
437
449
451
454
467
476
479
480
557
556
469
519
450
418
386
374
375
394
423
447
428
438
485
444
443
453
464
467
472
442
478
485
482
476
472
356
473
434
430
500
484
505
381
390
381
370
389
414
433
425
404
439
424
467
457
462
411
415
447
504
520
524
368
492
443
517
525
532
536
524
510
518
465
370
368
393
415
423
390
396
427
457
432
472
450
392
468
497
506
502
498
477
516
500
530
518
536
549
541
520
549
562
360
376
402
413
410
395
399
420
441
402
455
415
467
481
518
493
493
484
507
527
513
526
509
486
546
551
533
554
560
541
376
402
457
400
420
411
420
432
409
438
441
472
522
499
481
492
482
516
526
519
542
529
502
539
548
534
539
559
544
511
405
407
381
428
420
420
430
444
417
447
465
481
512
476
492
480
514
518
483
543
540
509
549
547
530
520
563
564
381
455
393
425
438
439
425
427
426
479
488
471
472
493
503
501
487
464
517
496
481
529
512
552
549
527
531
573
467
551
553
535
413
412
411
418
475
471
478
483
469
458
479
502
507
497
479
514
539
523
497
500
404
527
550
420
543
564
558
544
528
517
408
411
416
478
480
486
490
486
472
472
491
508
506
533
550
555
546
384
436
530
543
522
497
457
552
568
564
549
536
523
417
408
462
483
493
498
499
487
479
486
501
512
543
538
547
460
506
453
533
544
521
486
407
537
559
556
548
537
527
527
404
383
472
489
481
513
496
487
489
490
535
545
482
390
480
524
505
510
554
547
506
362
393
529
549
519
553
554
543
532
386
437
481
452
442
517
493
474
527
533
381
515
464
477
478
520
515
565
560
520
346
437
537
541
467
546
551
545
536
503
425
469
447
500
489
484
496
525
495
506
559
570
444
555
491
561
576
565
524
481
350
528
550
418
400
516
536
536
532
551
461
457
463
466
469
507
511
520
475
551
571
550
540
484
567
586
581
557
514
512
537
526
514
489
572
575
557
539
589
592
440
443
504
517
491
526
517
465
523
548
512
521
515
548
587
593
576
542
528
562
536
512
531
529
572
565
547
535
590
565
413
501
512
478
526
504
440
501
525
522
565
505
585
600
595
571
543
512
555
392
503
420
555
565
550
539
532
581
572
553
460
479
457
446
490
508
517
521
512
484
481
582
605
603
485
560
549
567
518
484
517
476
565
563
548
537
565
578
427
564
452
450
495
429
487
513
524
519
520
534
531
542
561
598
595
570
569
528
557
486
457
560
557
541
531
567
510
585
577
555
421
503
454
499
514
516
334
512
529
514
511
430
608
597
579
574
547
552
544
443
558
555
532
434
448
577
577
566
549
538
453
340
459
362
345
351
361
444
385
370
386
399
389
378
380
393
410
437
391
354
371
414
398
492
451
465
470
379
458
418
303
303
291
315
466
352
316
310
322
373
418
329
333
469
416
481
426
388
373
404
439
428
453
467
421
426
441
471
473
460
266
266
308
368
394
309
294
288
318
383
409
334
379
410
446
397
387
392
424
448
419
453
462
467
476
472
467
517
483
470
251
261
297
337
327
295
288
305
342
374
323
393
392
387
386
392
405
430
447
439
452
461
463
498
492
484
542
515
494
487
259
280
323
359
314
301
311
332
362
344
353
378
394
381
384
401
421
434
448
444
459
462
483
490
510
532
527
524
514
496
271
301
346
315
310
319
333
359
353
350
370
393
391
390
403
418
428
452
444
431
466
469
474
473
522
537
539
527
510
492
308
343
478
413
389
379
380
343
352
367
383
396
399
407
412
418
405
459
436
429
408
414
453
462
464
466
469
474
483
417
348
357
451
406
385
365
359
364
369
387
438
395
426
413
415
429
470
448
448
445
442
440
478
489
435
467
475
480
534
539
341
431
398
383
352
365
406
381
377
377
397
438
447
421
352
458
450
459
469
450
428
464
481
416
472
483
486
568
559
357
351
445
379
410
404
397
399
417
365
382
430
409
416
456
444
455
469
483
459
445
474
491
473
487
491
491
560
559
535
420
445
415
328
346
363
386
410
437
392
497
388
418
449
447
461
475
472
463
434
470
480
477
473
472
473
386
546
540
536
536
439
410
332
346
373
402
528
432
438
441
459
497
451
466
473
472
446
451
376
507
510
354
459
488
436
491
460
528
529
509
464
349
367
393
412
484
414
398
420
441
441
454
461
466
393
452
487
514
519
448
488
493
527
545
528
530
538
547
494
561
347
372
399
410
449
418
411
420
437
462
445
445
394
477
501
505
503
500
508
532
519
539
552
527
554
557
538
555
574
564
366
395
407
480
417
414
416
429
457
417
404
473
492
543
497
492
492
522
544
523
541
549
523
552
559
541
539
568
561
533
385
403
447
438
424
423
433
453
416
436
474
491
498
499
493
485
477
540
523
549
552
519
545
558
538
514
560
568
544
367
399
425
431
434
436
440
450
421
438
460
482
500
507
503
498
486
527
519
481
443
522
545
553
536
509
562
573
520
461
530
412
432
413
416
421
477
475
483
478
459
474
500
515
509
492
522
545
520
499
480
541
554
489
560
568
480
559
568
551
532
411
418
420
426
485
478
481
480
465
458
475
500
508
499
516
556
562
553
408
405
527
549
537
443
553
568
562
548
535
523
423
422
422
490
491
492
492
485
470
471
491
510
522
554
566
551
499
515
479
542
545
514
413
535
555
555
550
540
532
529
427
419
482
492
499
504
497
489
484
492
494
543
558
356
537
549
537
502
553
551
515
475
408
534
561
558
549
541
534
536
418
405
487
487
476
523
498
485
488
515
544
548
532
467
556
540
486
557
571
544
499
362
521
470
525
537
539
539
535
534
409
463
488
500
501
498
498
498
532
462
500
556
566
475
531
505
568
582
566
521
481
353
504
515
542
543
366
497
525
501
388
481
496
498
494
493
516
514
521
436
550
554
550
516
483
572
589
583
555
515
355
523
536
439
530
567
563
558
590
558
450
446
448
454
462
526
536
532
480
558
576
553
555
504
582
600
595
571
534
509
559
511
553
551
577
563
543
582
602
598
435
490
504
505
508
537
524
460
529
535
571
562
535
561
597
604
589
553
542
566
540
528
518
573
563
543
569
588
589
564
475
502
506
495
533
465
513
528
537
574
571
541
560
599
604
590
558
556
332
503
513
511
570
558
537
528
567
586
571
553
424
475
474
463
503
517
520
517
568
453
580
604
607
597
524
391
572
543
561
537
467
519
570
557
339
536
582
430
563
569
496
516
545
469
483
509
520
511
529
521
519
535
572
603
529
575
570
445
533
525
532
566
544
457
362
471
572
582
564
553
484
514
495
485
519
532
535
530
519
502
431
552
581
568
583
574
431
536
527
509
500
497
497
502
453
581
587
568
551
543
428
412
365
372
382
392
394
441
390
378
397
388
383
381
392
414
435
430
384
371
393
414
424
393
425
451
376
436
434
458
315
274
302
335
361
375
347
325
340
384
344
327
339
381
475
434
410
395
404
437
437
440
441
460
473
396
486
503
487
471
294
255
276
317
352
310
298
309
361
362
324
346
470
416
405
397
401
416
445
451
444
447
464
474
453
521
525
507
486
481
255
253
288
335
367
300
315
352
400
426
381
396
390
397
398
402
419
440
451
454
451
456
473
478
515
535
527
504
493
487
268
276
307
347
462
365
343
344
379
344
380
416
396
396
404
418
433
433
463
454
433
398
424
449
494
495
488
484
481
478
292
309
337
450
381
358
355
352
338
365
403
392
406
415
421
425
426
476
462
444
485
467
426
490
503
498
487
480
480
484
309
331
455
399
380
365
352
349
367
397
380
412
473
426
440
415
474
453
444
485
475
403
473
497
499
492
486
482
406
512
332
358
424
383
373
351
356
372
373
389
407
404
436
452
418
467
444
448
456
463
447
462
503
515
506
490
480
556
568
555
346
418
383
381
359
370
393
385
390
383
401
443
453
424
472
450
461
475
472
454
461
494
499
493
484
477
475
581
570
368
368
443
412
422
408
400
402
466
383
394
438
455
433
459
456
468
482
480
463
438
474
499
500
492
485
486
570
566
450
558
374
451
361
368
379
398
489
460
437
433
388
466
438
457
478
486
506
486
463
466
510
517
330
436
465
552
555
485
549
542
462
358
367
384
408
471
438
421
424
449
465
437
456
477
483
396
455
462
450
454
466
478
463
462
475
466
523
548
537
479
385
367
393
418
469
423
412
420
435
451
444
452
474
391
472
498
503
504
508
510
506
480
547
531
499
522
542
523
570
578
362
398
423
440
501
422
418
426
437
452
438
371
476
510
516
508
501
521
541
540
509
554
555
522
548
500
556
565
556
536
389
418
420
481
443
439
427
432
444
396
463
495
511
512
503
492
522
546
549
518
476
558
530
550
539
523
558
559
543
520
410
449
434
436
438
383
459
421
444
466
484
505
518
513
498
489
533
552
545
508
467
530
374
540
539
547
543
528
385
443
425
431
438
439
429
427
468
473
474
464
477
507
524
523
505
498
543
557
545
470
378
523
547
542
529
514
524
568
562
540
439
436
442
428
423
479
472
471
460
450
465
494
509
504
488
529
562
548
524
435
534
548
537
517
502
524
572
572
553
534
439
432
424
427
489
481
479
476
464
459
476
504
514
542
563
570
561
448
427
532
548
536
511
447
554
571
566
550
538
530
436
425
427
500
492
491
489
481
470
474
492
510
555
567
561
354
505
474
544
556
537
500
412
531
557
557
546
540
536
535
434
425
492
500
497
497
494
487
487
488
523
556
560
493
539
533
517
531
569
561
522
483
405
530
557
555
546
543
542
538
428
420
500
506
505
498
494
496
505
539
529
517
565
571
558
534
506
573
581
558
514
360
514
538
535
530
530
535
536
483
418
496
503
503
495
489
498
531
546
475
552
569
566
555
539
523
580
594
579
535
351
514
530
521
516
517
522
547
600
582
434
501
488
476
471
510
485
509
501
505
559
496
543
546
544
592
604
586
552
367
538
548
470
534
403
516
565
594
539
597
471
504
507
502
526
528
475
448
531
513
570
576
505
587
605
603
583
554
521
571
336
537
551
566
568
550
454
585
600
579
476
500
504
512
514
498
466
520
539
571
578
550
521
574
607
610
592
558
416
530
528
532
556
573
554
373
566
588
575
559
477
506
504
508
515
495
520
530
560
588
577
547
565
603
607
591
501
438
547
544
523
547
572
546
374
510
569
588
442
561
487
506
509
538
545
531
494
515
574
486
522
546
557
557
553
572
555
391
546
543
525
568
459
497
502
568
498
572
576
565
472
509
545
491
519
532
531
528
515
507
517
446
567
592
572
582
358
545
551
537
522
509
499
497
436
569
578
569
558
551
514
510
482
517
531
530
531
521
514
500
540
594
587
593
583
564
378
564
567
549
529
509
496
497
464
581
587
571
558
452
469
438
382
376
384
392
398
445
392
404
385
388
388
396
417
440
447
418
404
411
488
420
442
447
437
367
420
445
451
471
340
296
307
337
370
388
361
413
350
332
338
348
380
444
430
428
421
424
434
487
445
465
461
400
434
445
479
487
477
476
342
272
294
342
376
390
408
351
333
338
351
487
383
403
418
416
421
434
441
453
468
461
456
455
479
515
509
489
478
473
310
270
293
330
360
417
358
349
344
382
404
431
384
410
419
422
428
435
454
465
463
436
474
456
516
522
503
485
480
477
278
280
308
343
432
367
352
352
342
364
403
375
411
420
423
426
427
466
473
472
454
495
418
503
522
513
495
481
478
477
283
306
338
453
385
358
361
347
364
396
372
412
424
478
424
426
432
478
469
457
495
464
428
501
523
518
502
488
482
439
308
339
440
379
356
353
356
369
393
423
468
402
410
432
453
439
475
463
460
494
471
422
496
519
518
507
490
479
538
558
340
370
418
377
352
354
364
383
432
458
386
427
440
474
436
473
459
464
466
464
450
461
511
527
520
503
489
568
578
386
357
387
411
424
433
398
372
396
424
386
428
456
483
482
458
465
479
483
487
465
462
513
527
519
504
490
564
577
568
422
361
401
416
372
378
430
415
428
438
421
449
425
465
456
470
485
508
488
473
456
432
413
532
357
406
555
567
561
487
537
425
388
364
381
404
451
434
430
419
409
472
446
453
475
486
484
422
494
518
513
508
492
476
453
441
554
551
518
545
536
431
358
383
410
477
439
424
407
423
469
449
455
474
486
364
462
492
497
495
497
503
496
477
452
470
532
532
546
538
478
358
386
414
427
476
428
474
431
455
437
444
465
480
408
485
511
520
516
518
519
512
487
534
396
521
547
498
549
562
554
370
399
413
485
445
431
429
431
436
443
368
462
500
513
509
498
470
525
551
559
545
515
482
513
471
546
558
550
533
521
390
406
484
450
435
431
434
443
408
464
489
505
519
518
507
493
494
547
570
574
552
512
392
528
552
544
526
512
510
533
456
436
439
447
446
448
413
458
470
475
495
519
534
531
513
497
550
569
575
560
360
510
539
535
522
506
498
496
493
533
435
442
447
458
439
475
471
470
466
463
476
504
524
520
504
542
559
564
549
538
402
529
554
544
528
509
573
577
559
536
434
457
439
431
475
465
464
466
461
457
471
495
506
500
538
556
573
572
495
479
557
563
541
513
490
565
576
562
543
530
442
434
428
430
489
479
476
474
465
464
479
499
503
562
580
578
540
545
481
557
563
543
507
453
554
572
565
549
541
536
442
436
434
498
491
486
485
480
476
475
472
551
576
581
366
475
494
494
560
572
548
511
406
532
559
556
546
541
539
538
440
434
502
497
496
495
494
489
486
511
557
573
535
570
544
528
512
573
583
564
528
374
503
531
534
530
531
534
537
541
435
438
510
508
504
497
496
497
538
560
499
565
574
552
536
531
582
594
581
543
508
368
512
537
534
528
528
532
459
586
446
479
512
491
477
472
519
542
522
524
571
571
473
531
512
585
603
601
576
538
377
537
548
537
521
513
551
597
593
521
472
503
514
514
506
547
546
540
537
570
515
573
574
551
564
601
607
593
564
355
492
496
497
499
500
502
510
521
594
601
488
508
503
495
526
524
531
542
565
554
582
587
567
564
606
610
598
569
344
521
522
518
526
459
492
501
509
589
598
580
487
500
490
520
517
528
551
559
536
507
589
565
561
604
610
598
573
485
353
543
547
537
526
511
504
504
564
590
580
568
473
483
511
515
538
552
556
548
579
584
563
557
603
609
596
573
345
550
555
546
534
523
508
501
497
502
569
590
454
564
477
489
511
550
548
492
520
527
525
523
526
541
553
545
587
506
341
547
552
542
529
519
507
500
500
463
563
576
569
561
458
514
554
501
518
527
531
526
519
512
410
538
592
592
587
599
355
557
567
554
538
521
506
500
441
568
577
567
559
556
521
480
516
525
527
524
523
520
512
538
573
586
584
610
601
362
568
575
563
544
529
515
502
412
559
569
559
555
551
474
474
385
371
382
394
408
415
422
418
389
391
396
400
419
398
441
434
436
447
482
432
442
456
391
413
419
416
468
484
483
406
294
287
320
363
389
415
352
331
339
357
383
421
402
411
425
440
454
470
460
457
462
452
452
444
493
515
504
481
468
318
265
291
342
375
407
355
341
344
355
328
500
390
394
412
428
442
459
470
473
475
458
486
464
496
534
525
494
475
473
276
274
313
354
379
411
365
353
373
427
415
401
391
404
419
435
449
457
474
474
463
509
484
455
529
540
522
497
480
476
275
285
317
353
429
370
355
364
369
396
424
404
409
418
433
446
453
475
470
463
444
500
410
503
527
524
508
489
481
481
285
313
345
449
380
357
337
354
387
415
440
513
445
435
445
451
491
478
471
461
498
465
423
502
525
524
512
497
487
477
313
345
378
422
374
339
349
370
398
428
422
426
439
459
455
479
470
470
471
502
474
420
499
524
525
516
497
487
545
568
331
370
421
379
398
468
438
384
472
461
413
442
461
454
474
463
470
478
489
470
456
467
517
533
525
509
494
567
585
456
364
398
428
369
385
372
381
409
390
413
446
463
501
475
461
472
483
511
498
479
458
509
393
544
490
349
562
581
517
551
400
409
364
359
411
396
411
437
399
440
446
458
480
464
475
486
428
478
498
493
481
469
495
547
387
554
565
533
553
543
406
404
370
439
410
409
426
439
435
432
496
457
461
480
490
430
495
518
517
510
495
486
472
556
403
547
529
544
539
528
416
379
385
470
434
426
429
452
464
462
455
465
482
376
456
495
505
503
499
500
500
495
480
462
535
517
535
470
526
546
386
391
402
429
475
445
439
441
439
438
449
474
405
390
469
507
515
514
516
521
522
508
483
530
513
506
556
561
549
535
395
403
492
448
435
436
440
446
449
368
463
502
518
521
513
482
529
550
561
563
547
512
395
520
546
541
522
508
504
510
406
500
457
447
448
449
452
412
472
495
510
520
528
526
511
513
551
568
573
563
531
384
516
539
534
520
506
499
499
529
467
443
445
453
476
452
429
475
493
502
516
531
543
530
508
538
562
567
561
366
499
521
525
521
510
501
490
521
549
545
438
478
451
441
440
466
462
465
463
467
479
500
514
508
528
550
551
563
554
429
546
571
565
544
517
518
569
573
555
540
453
446
444
441
472
463
464
468
469
467
475
490
500
535
566
580
573
555
471
565
580
570
542
448
550
568
557
540
533
531
446
441
437
485
474
472
475
478
478
472
480
492
533
579
585
553
358
515
574
587
569
535
501
459
548
567
560
547
541
536
445
435
442
491
484
483
485
486
481
478
492
560
582
476
529
538
527
528
579
587
565
527
406
530
555
551
544
537
538
540
445
445
500
495
493
494
492
491
487
546
569
523
558
553
562
546
528
583
591
576
541
373
509
472
557
492
532
541
541
471
447
480
508
498
490
488
486
545
552
510
564
575
559
525
547
540
587
596
583
554
409
401
550
524
545
540
532
472
585
595
470
499
513
517
460
519
512
550
521
570
586
490
539
540
552
595
604
589
566
538
396
494
503
501
503
506
512
522
531
524
492
509
510
505
542
547
498
548
575
580
561
578
479
531
603
610
601
581
558
355
519
527
521
515
508
503
504
514
591
605
493
503
500
492
527
522
549
566
572
552
588
585
554
575
608
615
602
575
351
532
537
530
524
517
506
499
501
584
599
583
483
494
486
517
536
548
554
554
542
586
591
519
599
617
608
596
575
351
547
555
544
535
527
515
503
498
558
595
585
473
466
482
511
544
550
551
480
518
532
534
543
556
570
577
575
518
355
558
570
560
547
535
523
508
500
550
472
562
579
572
449
507
553
505
515
522
529
527
519
516
520
532
504
594
604
360
560
579
573
561
545
529
515
506
447
545
558
555
554
557
515
499
515
519
518
521
523
522
517
395
542
558
602
509
580
386
577
599
588
569
548
529
513
503
454
565
571
566
559
481
480
521
521
514
510
512
516
513
570
596
573
544
610
608
341
569
587
577
563
550
535
523
513
445
563
565
556
549
572
586
500
392
372
383
403
415
424
439
405
397
452
413
409
418
430
433
445
454
467
440
450
462
464
396
418
422
474
489
485
477
378
272
277
325
376
404
400
367
401
372
375
368
407
400
421
442
451
458
481
462
469
465
475
469
448
520
526
503
477
467
316
270
301
349
386
405
368
348
351
366
363
405
384
408
431
440
451
466
470
469
467
512
499
474
513
548
536
508
486
482
282
284
321
361
387
338
340
355
382
365
418
380
405
422
430
446
461
472
465
464
452
521
492
459
537
554
544
523
506
494
286
296
328
361
338
341
393
376
372
386
553
431
428
424
441
460
487
476
473
462
518
498
466
466
534
551
548
536
513
499
297
322
357
388
345
375
372
379
391
412
424
522
450
436
458
479
472
473
469
460
518
488
463
469
530
552
554
540
490
536
316
347
379
410
383
439
404
488
421
400
454
447
457
455
465
493
481
484
482
521
